11,20,1,7,2,9
5,15,6,16,12,8,16,3,2,3,7
17,15,15,12,5,1,15,17,5,19,6,18,6,17,5,4,3,14,7,18,18
13,14,11,4,11,20,19,17,16,11,1,7,10,3,15
14,13,13,10,20,9,16,18,13,8,7,17,19
18,5,13,5,1,15,11,17,7,11,10,2,15,9
8,17,11,13,13,9
1,7,11,17,9,9,15,2,13,3,11,19,17,17,19,19,18
1,19,15,1,7,9,17,12,10,5,4
12,7,20,2,15,3,17,1
6,17
14,3,9,1,12,14,20,10,18,7
12,16,7,11,5,2,7,9,13,13,4,13,13,13,1,1
10,6,17,18
16,16,3
5,20,11,19,13,18,4,12,8,8
3
19,4,7,18
12,16,4,4,1,6,18,7
3,18,16,10,9,2,2,10,19,14,5,5,4,1,6,8,3,5,16
9,14,3,19
14,9,10,5
16
11,7,9,8,1,12,2,17,12,11,3
7,4,9,17,15,15,14,12,13,15
15
15,13,8,9,11,12,15,3,2,3,9,8,19,10,16
10,14,12,6,2,3,4,16,5,13,3,5,19,17,5,6,14,4,3
15,20,13,20,12,14,3,2,17,10,1,4,9,15,3,13,4
8,19,3,12,1,16,13,17,14,5,15,10,4,5,15,19,1
6,2,8,18,17,7,8,4,15,13,10,6,8
5,5,6,15,2,7,16,2
11,11,10,13,7,5
1,1,5,8,4,7,19,9,1,11,5,2,3,8,15,12,8,13
1,20
